public static int [][] surfaceInterval =
    {{180},
    {228,47},
    {250, 69, 21},
    {259, 78, 30, 8},
    {268, 87, 38, 16, 7},
    {275, 94, 46, 24, 15, 7},
    {282, 101, 53, 32, 22, 13, 6},
    {288, 107, 59, 37, 28, 20, 12, 5},
    {294, 113, 65, 43, 34, 26, 18, 11, 5},
    {300, 119, 71, 49, 40, 31, 24, 17, 11, 5},
    {305, 124, 76, 54, 45, 37, 29, 22, 16, 10, 4},
    {310, 129, 81, 59, 50, 42, 34, 27, 21, 15, 9, 4},
    {315, 134, 85, 64, 55, 46, 39, 32, 25, 19, 14, 9, 4},
    {319, 138, 90, 68, 59, 51, 43, 36, 30, 24, 18, 13, 8, 3},
    {324, 143, 94, 72, 63, 55, 47, 41, 34, 28, 23, 17, 12, 8, 3},
    {328, 147, 98, 76, 67, 59, 51, 45, 38, 32, 27, 21, 16, 12, 7, 3},
    {331, 150, 102, 80, 71, 63, 55, 48, 42, 36, 30, 25, 20, 16, 11, 7, 3},
    {335, 154, 106, 84, 75, 67, 59, 52, 46, 40, 34, 29, 24, 19, 15, 11, 7, 3},
    {339, 158, 109, 87, 78, 70, 60, 56, 49, 43, 38, 32, 27, 23, 16, 14, 10, 6, 3},
    {342, 161, 113, 91, 82, 73, 66, 59, 53, 47, 41, 36, 31, 26, 22, 17, 13, 10, 6, 2},
    {345, 164, 116, 94, 87, 77, 69, 62, 56, 50, 44, 39, 34, 29, 25, 21, 17, 13, 9, 6, 2},
    {348, 167, 119, 97, 88, 80, 72, 65, 59, 53, 47, 42, 37, 33, 28, 24, 20, 16, 12, 9, 5, 2},
    {351, 170, 122, 100, 91, 83, 75, 68, 62, 56, 50, 45, 40, 36, 31, 27, 23, 19, 15, 12, 8, 5, 2},
    {354, 173, 125, 103, 94, 86, 78, 71, 65, 59, 53, 48, 43, 39, 34, 30, 26, 22, 18, 15, 11, 8, 5, 2},
    {357, 176, 128, 106, 97, 89, 81, 74, 68, 62, 56, 51, 46, 41, 37, 33, 29, 25, 21, 18, 14, 11, 8, 5, 2},
    {360, 179, 131, 109, 100, 91, 84, 77, 71, 65, 59, 54, 49, 44, 40, 35, 31, 28, 24, 20, 17, 14, 11, 8, 5, 2}};
